xof 0303txt 0032
template XSkinMeshHeader {
 <3cf169ce-ff7c-44ab-93c0-f78f62d172e2>
 WORD nMaxSkinWeightsPerVertex;
 WORD nMaxSkinWeightsPerFace;
 WORD nBones;
}

template VertexDuplicationIndices {
 <b8d65549-d7c9-4995-89cf-53a9a8b031e3>
 DWORD nIndices;
 DWORD nOriginalVertices;
 array DWORD indices[nIndices];
}

template SkinWeights {
 <6f0d123b-bad2-4167-a0d0-80224f25fabb>
 STRING transformNodeName;
 DWORD nWeights;
 array DWORD vertexIndices[nWeights];
 array FLOAT weights[nWeights];
 Matrix4x4 matrixOffset;
}


Material PDX1_-_Default {
 1.000000;1.000000;1.000000;1.000000;;
 3.200000;
 0.000000;0.000000;0.000000;;
 0.000000;0.000000;0.000000;;

 TextureFilename  {
  "grass_1.tga";
 }
}

Frame SwampPla {
 

 FrameTransformMatrix {
  0.005393,0.000000,0.000000,0.000000,0.000000,0.005393,0.000000,0.000000,0.000000,0.000000,0.005393,0.000000,0.000000,0.000000,0.000000,1.000000;;
 }

 Mesh  {
  50;
  668.786133;42.063820;272.591949;,
  603.011658;536.380615;613.254028;,
  21.950697;42.063820;733.385925;,
  1014.122131;564.172363;336.904724;,
  458.327332;509.990356;1234.961670;,
  226.316208;261.204895;968.285767;,
  1501.054443;1300.358398;427.587372;,
  1501.054443;1300.358398;427.587372;,
  899.851746;262.726563;-270.362976;,
  1158.772461;509.990356;-878.771545;,
  1014.122131;564.172363;336.904755;,
  421.717010;42.063820;-472.988434;,
  736.534607;241.928711;-646.310059;,
  668.786133;42.063820;272.591949;,
  1158.772461;509.990356;-878.771545;,
  158.764481;503.503296;-630.646729;,
  -206.562195;1144.593018;-849.685486;,
  736.534607;241.928711;-646.310059;,
  -377.815521;42.063820;-472.988312;,
  -299.304321;547.519104;-645.685425;,
  421.717010;42.063820;-472.988434;,
  -967.595825;1253.968750;427.587463;,
  -961.637878;1241.726074;418.489868;,
  -783.802856;604.034790;344.464783;,
  -206.562195;1144.593018;-849.685486;,
  -299.304321;547.519043;-645.685425;,
  -591.350525;589.898499;-155.564819;,
  8.707197;315.763214;835.500916;,
  -783.802795;604.034729;344.464752;,
  -624.884705;42.063820;272.592041;,
  390.154205;62.770218;-246.482727;,
  -214.325699;62.770218;168.529144;,
  826.531067;745.067017;-246.482758;,
  222.051117;745.067017;168.529221;,
  874.213745;1509.787231;56.538940;,
  170.741837;1509.787231;-128.281738;,
  385.551392;507.534332;-163.199600;,
  385.551331;1586.624146;555.622620;,
  385.551331;1586.624146;-158.470459;,
  385.551392;507.534332;560.351929;,
  -50.825119;62.770088;-163.199554;,
  -50.825119;62.770088;560.351807;,
  458.327332;509.990356;1234.961670;,
  -967.595825;1253.968750;427.587463;,
  226.316193;261.204895;968.285706;,
  -648.455017;598.185059;-59.730377;,
  -624.884705;42.063820;272.592041;,
  -377.815521;42.063820;-472.988312;,
  -377.248718;45.712921;-474.235107;,
  21.950697;42.063820;733.385925;;
  43;
  3;0,1,2;,
  3;1,0,3;,
  3;1,4,5;,
  3;4,1,6;,
  3;7,8,9;,
  3;8,7,10;,
  3;8,11,12;,
  3;11,8,13;,
  3;14,15,16;,
  3;15,14,17;,
  3;15,18,19;,
  3;18,15,20;,
  3;21,22,23;,
  3;24,22,21;,
  3;24,25,26;,
  3;27,28,29;,
  3;30,31,32;,
  3;33,32,31;,
  3;32,33,34;,
  3;35,34,33;,
  3;36,37,38;,
  3;37,36,39;,
  3;40,39,36;,
  3;39,40,41;,
  3;42,28,27;,
  3;28,42,43;,
  3;27,44,42;,
  3;1,5,2;,
  3;1,3,6;,
  3;8,10,13;,
  3;8,12,9;,
  3;15,17,20;,
  3;15,19,16;,
  3;45,46,23;,
  3;45,47,46;,
  3;26,25,48;,
  3;27,49,44;,
  3;49,27,29;,
  3;24,26,22;,
  3;22,45,23;,
  3;22,26,45;,
  3;45,26,47;,
  3;26,48,47;;

  MeshNormals  {
   40;
   0.522237;-0.435722;0.733086;,
   0.522237;-0.435722;0.733086;,
   0.657616;-0.743494;0.121481;,
   0.657616;-0.743494;0.121481;,
   0.820766;-0.557969;0.122529;,
   0.820766;-0.557969;0.122529;,
   0.467331;-0.870413;-0.154863;,
   0.467331;-0.870413;-0.154863;,
   -0.215573;-0.423472;-0.879886;,
   -0.000000;-0.323316;-0.946291;,
   -0.000000;-0.323316;-0.946291;,
   -0.925448;-0.222483;-0.306672;,
   -0.859886;-0.040307;-0.508892;,
   -0.859886;-0.040307;-0.508892;,
   -0.575343;-0.261802;0.774881;,
   -0.532205;0.340383;-0.775176;,
   -0.532205;0.340383;-0.775176;,
   -0.532211;0.340353;-0.775185;,
   0.239209;-0.337337;-0.910485;,
   -1.000000;-0.000000;0.000000;,
   -0.713805;0.700344;0.000000;,
   -0.575342;-0.261802;0.774881;,
   -0.575342;-0.261802;0.774881;,
   -0.550665;-0.315042;0.772992;,
   0.657616;-0.743494;0.121481;,
   0.522237;-0.435722;0.733086;,
   0.820766;-0.557969;0.122529;,
   0.467331;-0.870413;-0.154863;,
   -0.215573;-0.423472;-0.879886;,
   -0.000000;-0.323316;-0.946291;,
   -0.925447;-0.222483;-0.306673;,
   -0.925447;-0.222483;-0.306673;,
   -0.859886;-0.040307;-0.508892;,
   -0.550665;-0.315042;0.772992;,
   -0.550665;-0.315042;0.772992;,
   -0.859886;-0.040307;-0.508892;,
   -0.925447;-0.222483;-0.306673;,
   -0.859886;-0.040307;-0.508892;,
   -0.859886;-0.040307;-0.508892;,
   -0.859888;-0.040309;-0.508889;;
   43;
   3;0,0,0;,
   3;1,1,1;,
   3;2,2,2;,
   3;3,3,3;,
   3;4,4,4;,
   3;5,5,5;,
   3;6,6,6;,
   3;7,7,7;,
   3;8,8,8;,
   3;8,8,8;,
   3;9,9,9;,
   3;10,10,10;,
   3;11,11,11;,
   3;12,12,12;,
   3;13,13,13;,
   3;14,14,14;,
   3;15,15,15;,
   3;16,16,16;,
   3;17,17,17;,
   3;18,18,18;,
   3;19,19,19;,
   3;19,19,19;,
   3;20,20,20;,
   3;20,20,20;,
   3;21,21,21;,
   3;22,22,22;,
   3;23,23,23;,
   3;24,24,24;,
   3;25,25,25;,
   3;26,26,26;,
   3;27,27,27;,
   3;28,28,28;,
   3;29,29,29;,
   3;30,30,30;,
   3;31,31,31;,
   3;32,32,32;,
   3;33,33,33;,
   3;34,34,34;,
   3;35,35,35;,
   3;36,36,36;,
   3;37,37,37;,
   3;38,38,38;,
   3;39,39,39;;
  }

  MeshMaterialList  {
   1;
   43;
   0,
   0,
   0,
   0,
   0,
   0,
   0,
   0,
   0,
   0,
   0,
   0,
   0,
   0,
   0,
   0,
   0,
   0,
   0,
   0,
   0,
   0,
   0,
   0,
   0,
   0,
   0,
   0,
   0,
   0,
   0,
   0,
   0,
   0,
   0,
   0,
   0,
   0,
   0,
   0,
   0,
   0,
   0;
   { PDX1_-_Default }
  }

  MeshTextureCoords  {
   50;
   1.000000;0.000000;,
   0.392847;0.392847;,
   0.000000;0.000000;,
   1.000000;0.414934;,
   0.000000;1.000000;,
   0.000000;0.468324;,
   1.000000;1.000000;,
   0.000000;1.000000;,
   0.471576;0.471576;,
   1.000000;1.000000;,
   0.000000;0.414933;,
   1.000000;0.000000;,
   1.000000;0.427129;,
   0.000000;0.000000;,
   0.000000;1.000000;,
   0.418528;0.418528;,
   1.000000;1.000000;,
   0.000000;0.427129;,
   1.000000;0.000000;,
   1.000000;0.458451;,
   0.000000;0.000000;,
   1.000000;1.000000;,
   0.989898;0.989898;,
   1.000000;0.463709;,
   0.000000;1.000000;,
   0.000000;0.458451;,
   0.383831;0.458811;,
   0.584920;0.584920;,
   0.000000;0.463709;,
   0.000000;0.000000;,
   0.993578;0.007746;,
   0.002473;0.007746;,
   0.993579;0.152174;,
   0.002474;0.152174;,
   0.993580;0.999500;,
   0.002475;0.999501;,
   0.002474;0.270531;,
   0.993580;0.999500;,
   0.002475;0.999501;,
   0.993579;0.270531;,
   0.002473;0.002915;,
   0.993578;0.002915;,
   1.000000;1.000000;,
   0.000000;1.000000;,
   1.000000;0.468324;,
   0.458882;0.458882;,
   1.000000;0.000000;,
   0.000000;0.000000;,
   0.000000;0.003310;,
   1.000000;0.000000;;
  }

  XSkinMeshHeader {
   3;
   7;
   3;
  }

  SkinWeights {
   "Bone01";
   44;
   0,
   1,
   2,
   3,
   5,
   8,
   9,
   10,
   11,
   12,
   13,
   14,
   15,
   16,
   17,
   18,
   19,
   20,
   21,
   22,
   23,
   24,
   25,
   26,
   27,
   28,
   29,
   30,
   31,
   32,
   33,
   34,
   35,
   36,
   39,
   40,
   41,
   43,
   44,
   45,
   46,
   47,
   48,
   49;
   0.994464,
   0.759006,
   1.000000,
   0.734041,
   1.000000,
   0.950586,
   0.000000,
   0.734041,
   0.997240,
   0.980539,
   0.994464,
   0.000000,
   0.769201,
   0.011376,
   0.980539,
   0.989574,
   0.692788,
   0.997240,
   0.001524,
   0.003320,
   0.605481,
   0.011376,
   0.692788,
   0.636155,
   0.972851,
   0.605481,
   0.985303,
   0.988242,
   0.975549,
   0.481193,
   0.454147,
   0.000347,
   0.001017,
   0.717503,
   0.771889,
   0.979135,
   0.994652,
   0.001524,
   1.000000,
   0.622160,
   0.985303,
   0.989574,
   0.989001,
   1.000000;
   0.000127,0.000000,-0.005391,0.000000,0.005391,-0.000000,0.000127,0.000000,-0.000000,-0.005393,-0.000000,0.000000,-0.345024,-0.000003,0.831511,1.000000;;
  }

  SkinWeights {
   "Bone02";
   45;
   0,
   1,
   3,
   4,
   6,
   7,
   8,
   9,
   10,
   11,
   12,
   13,
   14,
   15,
   16,
   17,
   18,
   19,
   20,
   21,
   22,
   23,
   24,
   25,
   26,
   27,
   28,
   29,
   30,
   31,
   32,
   33,
   34,
   35,
   36,
   37,
   38,
   39,
   40,
   41,
   43,
   45,
   46,
   47,
   48;
   0.005536,
   0.240994,
   0.265959,
   1.000000,
   1.000000,
   1.000000,
   0.049414,
   1.000000,
   0.265959,
   0.002760,
   0.019461,
   0.005536,
   1.000000,
   0.230799,
   0.988624,
   0.019461,
   0.010426,
   0.307212,
   0.002760,
   0.998476,
   0.996680,
   0.394519,
   0.988624,
   0.307212,
   0.363845,
   0.027149,
   0.394519,
   0.014697,
   0.011758,
   0.024451,
   0.518807,
   0.545853,
   0.999653,
   0.758198,
   0.282497,
   1.000000,
   1.000000,
   0.228111,
   0.020865,
   0.005348,
   0.998476,
   0.377840,
   0.014697,
   0.010426,
   0.010999;
   -0.000414,-0.000000,-0.005377,0.000000,0.005377,0.000000,-0.000414,0.000000,-0.000000,-0.005393,0.000000,0.000000,-3.709353,0.000000,1.209016,1.000000;;
  }

  SkinWeights {
   "Bone03";
   1;
   35;
   0.240784;
   -0.000414,-0.000000,-0.005377,0.000000,0.005377,0.000000,-0.000414,0.000000,-0.000000,-0.005393,0.000000,0.000000,-7.430714,0.000000,1.209017,1.000000;;
  }
 }
}

Frame Bone01 {
 

 FrameTransformMatrix {
  0.023523,0.999723,-0.000000,0.000000,0.000004,-0.000000,-1.000000,0.000000,-0.999723,0.023523,-0.000004,0.000000,0.839396,0.325370,-0.000000,1.000000;;
 }

 Frame {
  

  FrameTransformMatrix {
   1.000004,0.000000,0.000000,0.000000,0.000000,1.000000,-0.000000,0.000000,-0.000000,-0.000000,1.000000,0.000000,0.000000,0.000000,-0.000000,1.000000;;
  }
 }

 Frame Bone02 {
  

  FrameTransformMatrix {
   0.994974,-0.000000,0.100131,0.000000,-0.000000,1.000000,0.000004,0.000000,-0.100131,-0.000004,0.994974,0.000000,3.466746,0.000000,-0.000008,1.000000;;
  }

  Frame {
   

   FrameTransformMatrix {
    1.000000,0.000000,0.000000,0.000000,0.000000,1.000000,0.000000,0.000000,0.000000,0.000000,1.000000,0.000000,0.000000,0.000000,-0.000000,1.000000;;
   }
  }

  Frame Bone03 {
   

   FrameTransformMatrix {
    1.000000,-0.000000,0.000000,0.000000,0.000000,1.000000,0.000000,0.000000,-0.000000,-0.000000,1.000000,0.000000,3.721360,0.000000,0.000001,1.000000;;
   }

   Frame {
    

    FrameTransformMatrix {
     1.000000,-0.000000,-0.000000,0.000000,-0.000000,1.000000,-0.000000,0.000000,0.000000,-0.000000,1.000000,0.000000,0.000000,0.000000,-0.000000,1.000000;;
    }
   }
  }
 }
}

AnimationSet roll {
 

 Animation Anim-Bone02 {
  
  { Bone02 }

  AnimationOptions {
   1;
   0;
  }

  AnimationKey {
   4;
   101;
   0;16;0.994974,-0.000000,0.100131,0.000000,-0.000000,1.000000,0.000004,0.000000,-0.100131,-0.000004,0.994974,0.000000,3.466746,0.000000,-0.000008,1.000000;;,
   160;16;0.994971,-0.000210,0.100166,0.000000,0.000209,1.000000,0.000022,0.000000,-0.100166,-0.000001,0.994971,0.000000,3.466746,0.000000,-0.000008,1.000000;;,
   320;16;0.994960,-0.000827,0.100270,0.000000,0.000823,1.000000,0.000077,0.000000,-0.100270,0.000006,0.994960,0.000000,3.466746,0.000000,-0.000008,1.000000;;,
   480;16;0.994942,-0.001834,0.100438,0.000000,0.001826,0.999998,0.000166,0.000000,-0.100438,0.000018,0.994943,0.000000,3.466746,0.000000,-0.000008,1.000000;;,
   640;16;0.994915,-0.003215,0.100669,0.000000,0.003202,0.999995,0.000289,0.000000,-0.100669,0.000035,0.994920,0.000000,3.466746,0.000000,-0.000008,1.000000;;,
   800;16;0.994878,-0.004952,0.100959,0.000000,0.004932,0.999988,0.000444,0.000000,-0.100960,0.000056,0.994890,0.000000,3.466746,0.000000,-0.000008,1.000000;;,
   960;16;0.994831,-0.007029,0.101306,0.000000,0.007001,0.999975,0.000632,0.000000,-0.101308,0.000081,0.994855,0.000000,3.466746,0.000000,-0.000008,1.000000;;,
   1120;16;0.994770,-0.009428,0.101705,0.000000,0.009390,0.999955,0.000850,0.000000,-0.101709,0.000110,0.994814,0.000000,3.466746,0.000000,-0.000008,1.000000;;,
   1280;16;0.994694,-0.012133,0.102155,0.000000,0.012084,0.999926,0.001098,0.000000,-0.102161,0.000143,0.994768,0.000000,3.466746,0.000000,-0.000008,1.000000;;,
   1440;16;0.994602,-0.015126,0.102653,0.000000,0.015064,0.999886,0.001375,0.000000,-0.102662,0.000179,0.994716,0.000000,3.466746,0.000000,-0.000008,1.000000;;,
   1600;16;0.994491,-0.018391,0.103193,0.000000,0.018315,0.999831,0.001681,0.000000,-0.103207,0.000218,0.994660,0.000000,3.466746,0.000000,-0.000008,1.000000;;,
   1760;16;0.994360,-0.021910,0.103775,0.000000,0.021818,0.999760,0.002015,0.000000,-0.103795,0.000260,0.994599,0.000000,3.466746,0.000000,-0.000008,1.000000;;,
   1920;16;0.994205,-0.025666,0.104395,0.000000,0.025558,0.999671,0.002376,0.000000,-0.104421,0.000306,0.994533,0.000000,3.466746,0.000000,-0.000008,1.000000;;,
   2080;16;0.994025,-0.029643,0.105049,0.000000,0.029516,0.999560,0.002763,0.000000,-0.105085,0.000354,0.994463,0.000000,3.466746,0.000000,-0.000008,1.000000;;,
   2240;16;0.993819,-0.033823,0.105735,0.000000,0.033676,0.999428,0.003176,0.000000,-0.105782,0.000404,0.994389,0.000000,3.466746,0.000000,-0.000008,1.000000;;,
   2400;16;0.993585,-0.038188,0.106449,0.000000,0.038020,0.999270,0.003614,0.000000,-0.106509,0.000457,0.994312,0.000000,3.466746,0.000000,-0.000008,1.000000;;,
   2560;16;0.993321,-0.042723,0.107188,0.000000,0.042531,0.999087,0.004075,0.000000,-0.107264,0.000511,0.994230,0.000000,3.466746,0.000000,-0.000008,1.000000;;,
   2720;16;0.993025,-0.047409,0.107949,0.000000,0.047193,0.998875,0.004559,0.000000,-0.108044,0.000568,0.994146,0.000000,3.466746,0.000000,-0.000008,1.000000;;,
   2880;16;0.992698,-0.052230,0.108730,0.000000,0.051988,0.998635,0.005064,0.000000,-0.108846,0.000626,0.994059,0.000000,3.466746,0.000000,-0.000008,1.000000;;,
   3040;16;0.992338,-0.057169,0.109527,0.000000,0.056899,0.998364,0.005590,0.000000,-0.109667,0.000685,0.993968,0.000000,3.466746,0.000000,-0.000008,1.000000;;,
   3200;16;0.991946,-0.062208,0.110337,0.000000,0.061909,0.998063,0.006135,0.000000,-0.110505,0.000746,0.993875,0.000000,3.466746,0.000000,-0.000008,1.000000;;,
   3360;16;0.991520,-0.067329,0.111157,0.000000,0.067000,0.997730,0.006697,0.000000,-0.111355,0.000807,0.993780,0.000000,3.466746,0.000000,-0.000008,1.000000;;,
   3520;16;0.991060,-0.072517,0.111984,0.000000,0.072156,0.997367,0.007276,0.000000,-0.112217,0.000869,0.993683,0.000000,3.466746,0.000000,-0.000008,1.000000;;,
   3680;16;0.990569,-0.077754,0.112815,0.000000,0.077360,0.996972,0.007869,0.000000,-0.113086,0.000932,0.993585,0.000000,3.466746,0.000000,-0.000008,1.000000;;,
   3840;16;0.990046,-0.083022,0.113648,0.000000,0.082594,0.996547,0.008476,0.000000,-0.113959,0.000995,0.993485,0.000000,3.466746,0.000000,-0.000008,1.000000;;,
   4000;16;0.989493,-0.088305,0.114480,0.000000,0.087842,0.996093,0.009093,0.000000,-0.114835,0.001059,0.993384,0.000000,3.466746,0.000000,-0.000008,1.000000;;,
   4160;16;0.988912,-0.093585,0.115307,0.000000,0.093086,0.995611,0.009719,0.000000,-0.115710,0.001122,0.993282,0.000000,3.466746,0.000000,-0.000008,1.000000;;,
   4320;16;0.988304,-0.098846,0.116127,0.000000,0.098310,0.995102,0.010353,0.000000,-0.116582,0.001185,0.993180,0.000000,3.466746,0.000000,-0.000008,1.000000;;,
   4480;16;0.987672,-0.104070,0.116938,0.000000,0.103496,0.994569,0.010991,0.000000,-0.117447,0.001247,0.993078,0.000000,3.466746,0.000000,-0.000008,1.000000;;,
   4640;16;0.987018,-0.109241,0.117737,0.000000,0.108628,0.994014,0.011632,0.000000,-0.118303,0.001309,0.992977,0.000000,3.466746,0.000000,-0.000008,1.000000;;,
   4800;16;0.986346,-0.114342,0.118521,0.000000,0.113689,0.993441,0.012273,0.000000,-0.119147,0.001369,0.992876,0.000000,3.466746,0.000000,-0.000008,1.000000;;,
   4960;16;0.985660,-0.119355,0.119289,0.000000,0.118663,0.992851,0.012911,0.000000,-0.119977,0.001429,0.992776,0.000000,3.466746,0.000000,-0.000008,1.000000;;,
   5120;16;0.984962,-0.124264,0.120036,0.000000,0.123532,0.992248,0.013545,0.000000,-0.120789,0.001487,0.992677,0.000000,3.466746,0.000000,-0.000008,1.000000;;,
   5280;16;0.984257,-0.129052,0.120762,0.000000,0.128281,0.991637,0.014170,0.000000,-0.121581,0.001544,0.992580,0.000000,3.466746,0.000000,-0.000008,1.000000;;,
   5440;16;0.983550,-0.133702,0.121464,0.000000,0.132892,0.991020,0.014785,0.000000,-0.122350,0.001599,0.992486,0.000000,3.466746,0.000000,-0.000008,1.000000;;,
   5600;16;0.982845,-0.138199,0.122139,0.000000,0.137349,0.990403,0.015387,0.000000,-0.123093,0.001653,0.992394,0.000000,3.466746,0.000000,-0.000008,1.000000;;,
   5760;16;0.982146,-0.142524,0.122786,0.000000,0.141636,0.989790,0.015972,0.000000,-0.123808,0.001704,0.992305,0.000000,3.466746,0.000000,-0.000008,1.000000;;,
   5920;16;0.981459,-0.146662,0.123401,0.000000,0.145737,0.989185,0.016538,0.000000,-0.124492,0.001753,0.992219,0.000000,3.466746,0.000000,-0.000008,1.000000;;,
   6080;16;0.980790,-0.150596,0.123985,0.000000,0.149635,0.988594,0.017082,0.000000,-0.125143,0.001799,0.992137,0.000000,3.466746,0.000000,-0.000008,1.000000;;,
   6240;16;0.980143,-0.154310,0.124533,0.000000,0.153314,0.988021,0.017599,0.000000,-0.125757,0.001843,0.992059,0.000000,3.466746,0.000000,-0.000008,1.000000;;,
   6400;16;0.979524,-0.157786,0.125044,0.000000,0.156757,0.987471,0.018088,0.000000,-0.126331,0.001884,0.991986,0.000000,3.466746,0.000000,-0.000008,1.000000;;,
   6560;16;0.978939,-0.161010,0.125516,0.000000,0.159950,0.986951,0.018545,0.000000,-0.126864,0.001921,0.991918,0.000000,3.466746,0.000000,-0.000008,1.000000;;,
   6720;16;0.978393,-0.163963,0.125947,0.000000,0.162874,0.986465,0.018967,0.000000,-0.127352,0.001956,0.991856,0.000000,3.466746,0.000000,-0.000008,1.000000;;,
   6880;16;0.977892,-0.166631,0.126335,0.000000,0.165516,0.986017,0.019351,0.000000,-0.127793,0.001987,0.991799,0.000000,3.466746,0.000000,-0.000008,1.000000;;,
   7040;16;0.977442,-0.168996,0.126679,0.000000,0.167857,0.985615,0.019693,0.000000,-0.128184,0.002015,0.991748,0.000000,3.466746,0.000000,-0.000008,1.000000;;,
   7200;16;0.977047,-0.171043,0.126975,0.000000,0.169883,0.985261,0.019991,0.000000,-0.128522,0.002039,0.991705,0.000000,3.466746,0.000000,-0.000008,1.000000;;,
   7360;16;0.976714,-0.172754,0.127222,0.000000,0.171577,0.984963,0.020241,0.000000,-0.128805,0.002059,0.991668,0.000000,3.466746,0.000000,-0.000008,1.000000;;,
   7520;16;0.976447,-0.174114,0.127418,0.000000,0.172923,0.984723,0.020440,0.000000,-0.129030,0.002075,0.991638,0.000000,3.466746,0.000000,-0.000008,1.000000;;,
   7680;16;0.976251,-0.175106,0.127560,0.000000,0.173904,0.984547,0.020586,0.000000,-0.129194,0.002087,0.991617,0.000000,3.466746,0.000000,-0.000008,1.000000;;,
   7840;16;0.976131,-0.175713,0.127648,0.000000,0.174505,0.984439,0.020675,0.000000,-0.129294,0.002094,0.991604,0.000000,3.466746,0.000000,-0.000008,1.000000;;,
   8000;16;0.976090,-0.175919,0.127678,0.000000,0.174709,0.984402,0.020705,0.000000,-0.129329,0.002096,0.991600,0.000000,3.466746,0.000000,-0.000008,1.000000;;,
   8160;16;0.976131,-0.175713,0.127648,0.000000,0.174505,0.984439,0.020675,0.000000,-0.129294,0.002094,0.991604,0.000000,3.466746,0.000000,-0.000008,1.000000;;,
   8320;16;0.976251,-0.175106,0.127560,0.000000,0.173904,0.984547,0.020586,0.000000,-0.129194,0.002087,0.991617,0.000000,3.466746,0.000000,-0.000008,1.000000;;,
   8480;16;0.976447,-0.174114,0.127418,0.000000,0.172923,0.984723,0.020440,0.000000,-0.129030,0.002075,0.991638,0.000000,3.466746,0.000000,-0.000008,1.000000;;,
   8640;16;0.976714,-0.172754,0.127222,0.000000,0.171577,0.984963,0.020241,0.000000,-0.128805,0.002059,0.991668,0.000000,3.466746,0.000000,-0.000008,1.000000;;,
   8800;16;0.977047,-0.171043,0.126975,0.000000,0.169883,0.985261,0.019991,0.000000,-0.128522,0.002039,0.991705,0.000000,3.466746,0.000000,-0.000008,1.000000;;,
   8960;16;0.977442,-0.168996,0.126679,0.000000,0.167857,0.985615,0.019693,0.000000,-0.128184,0.002015,0.991748,0.000000,3.466746,0.000000,-0.000008,1.000000;;,
   9120;16;0.977892,-0.166631,0.126335,0.000000,0.165516,0.986017,0.019351,0.000000,-0.127793,0.001987,0.991799,0.000000,3.466746,0.000000,-0.000008,1.000000;;,
   9280;16;0.978393,-0.163963,0.125947,0.000000,0.162874,0.986465,0.018967,0.000000,-0.127352,0.001956,0.991856,0.000000,3.466746,0.000000,-0.000008,1.000000;;,
   9440;16;0.978939,-0.161010,0.125516,0.000000,0.159950,0.986951,0.018545,0.000000,-0.126864,0.001921,0.991918,0.000000,3.466746,0.000000,-0.000008,1.000000;;,
   9600;16;0.979524,-0.157786,0.125044,0.000000,0.156757,0.987471,0.018088,0.000000,-0.126331,0.001884,0.991986,0.000000,3.466746,0.000000,-0.000008,1.000000;;,
   9760;16;0.980143,-0.154310,0.124533,0.000000,0.153314,0.988021,0.017599,0.000000,-0.125757,0.001843,0.992059,0.000000,3.466746,0.000000,-0.000008,1.000000;;,
   9920;16;0.980790,-0.150596,0.123985,0.000000,0.149635,0.988594,0.017082,0.000000,-0.125143,0.001799,0.992137,0.000000,3.466746,0.000000,-0.000008,1.000000;;,
   10080;16;0.981459,-0.146662,0.123401,0.000000,0.145737,0.989185,0.016538,0.000000,-0.124492,0.001753,0.992219,0.000000,3.466746,0.000000,-0.000008,1.000000;;,
   10240;16;0.982146,-0.142524,0.122786,0.000000,0.141636,0.989790,0.015972,0.000000,-0.123808,0.001704,0.992305,0.000000,3.466746,0.000000,-0.000008,1.000000;;,
   10400;16;0.982845,-0.138199,0.122139,0.000000,0.137349,0.990403,0.015387,0.000000,-0.123093,0.001653,0.992394,0.000000,3.466746,0.000000,-0.000008,1.000000;;,
   10560;16;0.983550,-0.133702,0.121464,0.000000,0.132892,0.991020,0.014785,0.000000,-0.122350,0.001599,0.992486,0.000000,3.466746,0.000000,-0.000008,1.000000;;,
   10720;16;0.984257,-0.129052,0.120762,0.000000,0.128281,0.991637,0.014170,0.000000,-0.121581,0.001544,0.992580,0.000000,3.466746,0.000000,-0.000008,1.000000;;,
   10880;16;0.984962,-0.124264,0.120036,0.000000,0.123532,0.992248,0.013545,0.000000,-0.120789,0.001487,0.992677,0.000000,3.466746,0.000000,-0.000008,1.000000;;,
   11040;16;0.985660,-0.119355,0.119289,0.000000,0.118663,0.992851,0.012911,0.000000,-0.119977,0.001429,0.992776,0.000000,3.466746,0.000000,-0.000008,1.000000;;,
   11200;16;0.986346,-0.114342,0.118521,0.000000,0.113689,0.993441,0.012273,0.000000,-0.119147,0.001369,0.992876,0.000000,3.466746,0.000000,-0.000008,1.000000;;,
   11360;16;0.987018,-0.109241,0.117737,0.000000,0.108628,0.994014,0.011632,0.000000,-0.118303,0.001309,0.992977,0.000000,3.466746,0.000000,-0.000008,1.000000;;,
   11520;16;0.987672,-0.104070,0.116938,0.000000,0.103496,0.994569,0.010991,0.000000,-0.117447,0.001247,0.993078,0.000000,3.466746,0.000000,-0.000008,1.000000;;,
   11680;16;0.988304,-0.098846,0.116127,0.000000,0.098310,0.995102,0.010353,0.000000,-0.116582,0.001185,0.993180,0.000000,3.466746,0.000000,-0.000008,1.000000;;,
   11840;16;0.988912,-0.093585,0.115307,0.000000,0.093086,0.995611,0.009719,0.000000,-0.115710,0.001122,0.993282,0.000000,3.466746,0.000000,-0.000008,1.000000;;,
   12000;16;0.989493,-0.088305,0.114480,0.000000,0.087842,0.996093,0.009093,0.000000,-0.114835,0.001059,0.993384,0.000000,3.466746,0.000000,-0.000008,1.000000;;,
   12160;16;0.990046,-0.083022,0.113648,0.000000,0.082594,0.996547,0.008476,0.000000,-0.113959,0.000995,0.993485,0.000000,3.466746,0.000000,-0.000008,1.000000;;,
   12320;16;0.990569,-0.077754,0.112815,0.000000,0.077360,0.996972,0.007869,0.000000,-0.113086,0.000932,0.993585,0.000000,3.466746,0.000000,-0.000008,1.000000;;,
   12480;16;0.991060,-0.072517,0.111984,0.000000,0.072156,0.997367,0.007276,0.000000,-0.112217,0.000869,0.993683,0.000000,3.466746,0.000000,-0.000008,1.000000;;,
   12640;16;0.991520,-0.067329,0.111157,0.000000,0.067000,0.997730,0.006697,0.000000,-0.111355,0.000807,0.993780,0.000000,3.466746,0.000000,-0.000008,1.000000;;,
   12800;16;0.991946,-0.062208,0.110337,0.000000,0.061909,0.998063,0.006135,0.000000,-0.110505,0.000746,0.993875,0.000000,3.466746,0.000000,-0.000008,1.000000;;,
   12960;16;0.992338,-0.057169,0.109527,0.000000,0.056899,0.998364,0.005590,0.000000,-0.109667,0.000685,0.993968,0.000000,3.466746,0.000000,-0.000008,1.000000;;,
   13120;16;0.992698,-0.052230,0.108730,0.000000,0.051988,0.998635,0.005064,0.000000,-0.108846,0.000626,0.994059,0.000000,3.466746,0.000000,-0.000008,1.000000;;,
   13280;16;0.993025,-0.047409,0.107949,0.000000,0.047193,0.998875,0.004559,0.000000,-0.108044,0.000568,0.994146,0.000000,3.466746,0.000000,-0.000008,1.000000;;,
   13440;16;0.993321,-0.042723,0.107188,0.000000,0.042531,0.999087,0.004075,0.000000,-0.107264,0.000511,0.994230,0.000000,3.466746,0.000000,-0.000008,1.000000;;,
   13600;16;0.993585,-0.038188,0.106449,0.000000,0.038020,0.999270,0.003614,0.000000,-0.106509,0.000457,0.994312,0.000000,3.466746,0.000000,-0.000008,1.000000;;,
   13760;16;0.993819,-0.033823,0.105735,0.000000,0.033676,0.999428,0.003176,0.000000,-0.105782,0.000404,0.994389,0.000000,3.466746,0.000000,-0.000008,1.000000;;,
   13920;16;0.994025,-0.029643,0.105049,0.000000,0.029516,0.999560,0.002763,0.000000,-0.105085,0.000354,0.994463,0.000000,3.466746,0.000000,-0.000008,1.000000;;,
   14080;16;0.994205,-0.025666,0.104395,0.000000,0.025558,0.999670,0.002376,0.000000,-0.104421,0.000306,0.994533,0.000000,3.466746,0.000000,-0.000008,1.000000;;,
   14240;16;0.994360,-0.021910,0.103775,0.000000,0.021818,0.999760,0.002015,0.000000,-0.103795,0.000260,0.994599,0.000000,3.466746,0.000000,-0.000008,1.000000;;,
   14400;16;0.994491,-0.018391,0.103193,0.000000,0.018315,0.999831,0.001681,0.000000,-0.103207,0.000218,0.994660,0.000000,3.466746,0.000000,-0.000008,1.000000;;,
   14560;16;0.994602,-0.015126,0.102653,0.000000,0.015064,0.999886,0.001375,0.000000,-0.102662,0.000179,0.994716,0.000000,3.466746,0.000000,-0.000008,1.000000;;,
   14720;16;0.994694,-0.012133,0.102155,0.000000,0.012084,0.999926,0.001098,0.000000,-0.102161,0.000143,0.994768,0.000000,3.466746,0.000000,-0.000008,1.000000;;,
   14880;16;0.994770,-0.009428,0.101705,0.000000,0.009390,0.999955,0.000850,0.000000,-0.101709,0.000110,0.994814,0.000000,3.466746,0.000000,-0.000008,1.000000;;,
   15040;16;0.994831,-0.007029,0.101306,0.000000,0.007001,0.999975,0.000632,0.000000,-0.101308,0.000081,0.994855,0.000000,3.466746,0.000000,-0.000008,1.000000;;,
   15200;16;0.994878,-0.004952,0.100959,0.000000,0.004932,0.999988,0.000444,0.000000,-0.100960,0.000056,0.994890,0.000000,3.466746,0.000000,-0.000008,1.000000;;,
   15360;16;0.994915,-0.003215,0.100669,0.000000,0.003202,0.999995,0.000289,0.000000,-0.100669,0.000035,0.994920,0.000000,3.466746,0.000000,-0.000008,1.000000;;,
   15520;16;0.994942,-0.001834,0.100438,0.000000,0.001826,0.999998,0.000166,0.000000,-0.100438,0.000018,0.994943,0.000000,3.466746,0.000000,-0.000008,1.000000;;,
   15680;16;0.994960,-0.000827,0.100270,0.000000,0.000823,1.000000,0.000077,0.000000,-0.100270,0.000006,0.994960,0.000000,3.466746,0.000000,-0.000008,1.000000;;,
   15840;16;0.994971,-0.000210,0.100166,0.000000,0.000209,1.000000,0.000022,0.000000,-0.100166,-0.000001,0.994971,0.000000,3.466746,0.000000,-0.000008,1.000000;;,
   16000;16;0.994974,-0.000000,0.100131,0.000000,-0.000000,1.000000,0.000004,0.000000,-0.100131,-0.000004,0.994974,0.000000,3.466746,0.000000,-0.000008,1.000000;;;
  }
 }

 Animation Anim-Bone03 {
  
  { Bone03 }

  AnimationOptions {
   1;
   0;
  }

  AnimationKey {
   4;
   101;
   0;16;1.000000,-0.000000,0.000000,0.000000,0.000000,1.000000,0.000000,0.000000,-0.000000,-0.000000,1.000000,0.000000,3.721360,0.000000,0.000001,1.000000;;,
   160;16;1.000000,0.000000,0.000000,0.000000,-0.000000,1.000000,0.000000,0.000000,-0.000000,0.000000,1.000000,0.000000,3.721360,0.000000,0.000001,1.000000;;,
   320;16;1.000000,0.000000,0.000000,0.000000,-0.000000,1.000000,-0.000000,0.000000,-0.000000,0.000000,1.000000,0.000000,3.721360,0.000000,0.000001,1.000000;;,
   480;16;1.000000,0.000000,0.000000,0.000000,-0.000000,1.000000,-0.000000,0.000000,-0.000000,0.000000,1.000000,0.000000,3.721360,0.000000,0.000001,1.000000;;,
   640;16;1.000000,-0.000000,0.000000,0.000000,-0.000000,1.000000,-0.000000,0.000000,-0.000000,-0.000000,1.000000,0.000000,3.721360,0.000000,0.000001,1.000000;;,
   800;16;1.000000,-0.000000,0.000000,0.000000,-0.000000,1.000000,0.000000,0.000000,-0.000000,0.000000,1.000000,0.000000,3.721360,0.000000,0.000001,1.000000;;,
   960;16;1.000000,0.000000,0.000000,0.000000,-0.000000,1.000000,-0.000000,0.000000,-0.000000,-0.000000,1.000000,0.000000,3.721360,0.000000,0.000001,1.000000;;,
   1120;16;1.000000,0.000000,0.000000,0.000000,-0.000000,1.000000,-0.000000,0.000000,-0.000000,-0.000000,1.000000,0.000000,3.721360,-0.000000,0.000001,1.000000;;,
   1280;16;1.000000,0.000000,0.000000,0.000000,-0.000000,1.000000,-0.000000,0.000000,-0.000000,0.000000,1.000000,0.000000,3.721360,-0.000000,0.000001,1.000000;;,
   1440;16;1.000000,0.000000,0.000000,0.000000,-0.000000,1.000000,-0.000000,0.000000,-0.000000,0.000000,1.000000,0.000000,3.721360,0.000000,0.000001,1.000000;;,
   1600;16;1.000000,0.000000,0.000000,0.000000,-0.000000,1.000000,-0.000000,0.000000,-0.000000,0.000000,1.000000,0.000000,3.721361,0.000000,0.000001,1.000000;;,
   1760;16;1.000000,-0.000000,0.000000,0.000000,-0.000000,1.000000,-0.000000,0.000000,-0.000000,-0.000000,1.000000,0.000000,3.721360,-0.000000,0.000001,1.000000;;,
   1920;16;1.000000,0.000000,0.000000,0.000000,-0.000000,1.000000,0.000000,0.000000,-0.000000,0.000000,1.000000,0.000000,3.721360,0.000000,0.000001,1.000000;;,
   2080;16;1.000000,0.000000,0.000000,0.000000,-0.000000,1.000000,-0.000000,0.000000,-0.000000,0.000000,1.000000,0.000000,3.721359,-0.000000,0.000001,1.000000;;,
   2240;16;1.000000,0.000000,0.000000,0.000000,-0.000000,1.000000,-0.000000,0.000000,-0.000000,-0.000000,1.000000,0.000000,3.721360,0.000000,0.000001,1.000000;;,
   2400;16;1.000000,0.000000,0.000000,0.000000,-0.000000,1.000000,0.000000,0.000000,-0.000000,0.000000,1.000000,0.000000,3.721360,0.000000,0.000001,1.000000;;,
   2560;16;1.000000,-0.000000,0.000000,0.000000,-0.000000,1.000000,-0.000000,0.000000,-0.000000,-0.000000,1.000000,0.000000,3.721360,0.000000,0.000001,1.000000;;,
   2720;16;1.000000,0.000000,0.000000,0.000000,-0.000000,1.000000,-0.000000,0.000000,-0.000000,-0.000000,1.000000,0.000000,3.721360,-0.000000,0.000001,1.000000;;,
   2880;16;1.000000,0.000000,0.000000,0.000000,0.000000,1.000000,-0.000000,0.000000,-0.000000,-0.000000,1.000000,0.000000,3.721360,0.000000,0.000001,1.000000;;,
   3040;16;1.000000,0.000000,0.000000,0.000000,0.000000,1.000000,-0.000000,0.000000,-0.000000,-0.000000,1.000000,0.000000,3.721360,0.000000,0.000001,1.000000;;,
   3200;16;1.000000,0.000000,0.000000,0.000000,-0.000000,1.000000,0.000000,0.000000,-0.000000,0.000000,1.000000,0.000000,3.721360,0.000000,0.000001,1.000000;;,
   3360;16;1.000000,0.000000,0.000000,0.000000,0.000000,1.000000,-0.000000,0.000000,-0.000000,-0.000000,1.000000,0.000000,3.721360,0.000000,0.000001,1.000000;;,
   3520;16;1.000000,0.000000,0.000000,0.000000,0.000000,1.000000,-0.000000,0.000000,-0.000000,-0.000000,1.000000,0.000000,3.721360,0.000000,0.000001,1.000000;;,
   3680;16;1.000000,0.000000,0.000000,0.000000,-0.000000,1.000000,-0.000000,0.000000,-0.000000,0.000000,1.000000,0.000000,3.721360,0.000000,0.000001,1.000000;;,
   3840;16;1.000000,0.000000,0.000000,0.000000,-0.000000,1.000000,-0.000000,0.000000,-0.000000,-0.000000,1.000000,0.000000,3.721360,0.000000,0.000001,1.000000;;,
   4000;16;1.000000,0.000000,0.000000,0.000000,0.000000,1.000000,-0.000000,0.000000,-0.000000,0.000000,1.000000,0.000000,3.721360,0.000000,0.000001,1.000000;;,
   4160;16;1.000000,0.000000,0.000000,0.000000,-0.000000,1.000000,-0.000000,0.000000,-0.000000,-0.000000,1.000000,0.000000,3.721360,0.000000,0.000001,1.000000;;,
   4320;16;1.000000,0.000000,0.000000,0.000000,-0.000000,1.000000,-0.000000,0.000000,-0.000000,-0.000000,1.000000,0.000000,3.721360,0.000000,0.000001,1.000000;;,
   4480;16;1.000000,0.000000,0.000000,0.000000,-0.000000,1.000000,-0.000000,0.000000,-0.000000,0.000000,1.000000,0.000000,3.721360,0.000000,0.000001,1.000000;;,
   4640;16;1.000000,0.000000,0.000000,0.000000,-0.000000,1.000000,-0.000000,0.000000,-0.000000,-0.000000,1.000000,0.000000,3.721360,0.000000,0.000001,1.000000;;,
   4800;16;1.000000,0.000000,0.000000,0.000000,-0.000000,1.000000,-0.000000,0.000000,-0.000000,0.000000,1.000000,0.000000,3.721360,0.000000,0.000001,1.000000;;,
   4960;16;1.000000,0.000000,0.000000,0.000000,0.000000,1.000000,-0.000000,0.000000,-0.000000,0.000000,1.000000,0.000000,3.721360,-0.000000,0.000001,1.000000;;,
   5120;16;1.000000,0.000000,0.000000,0.000000,0.000000,1.000000,0.000000,0.000000,-0.000000,0.000000,1.000000,0.000000,3.721360,0.000000,0.000001,1.000000;;,
   5280;16;1.000000,0.000000,0.000000,0.000000,-0.000000,1.000000,-0.000000,0.000000,-0.000000,-0.000000,1.000000,0.000000,3.721360,-0.000000,0.000001,1.000000;;,
   5440;16;1.000000,0.000000,0.000000,0.000000,-0.000000,1.000000,-0.000000,0.000000,-0.000000,-0.000000,1.000000,0.000000,3.721359,-0.000000,0.000001,1.000000;;,
   5600;16;1.000000,0.000000,0.000000,0.000000,-0.000000,1.000000,0.000000,0.000000,-0.000000,0.000000,1.000000,0.000000,3.721360,0.000000,0.000001,1.000000;;,
   5760;16;1.000000,0.000000,0.000000,0.000000,-0.000000,1.000000,-0.000000,0.000000,-0.000000,0.000000,1.000000,0.000000,3.721360,0.000000,0.000001,1.000000;;,
   5920;16;1.000000,0.000000,0.000000,0.000000,-0.000000,1.000000,-0.000000,0.000000,-0.000000,0.000000,1.000000,0.000000,3.721360,-0.000000,0.000001,1.000000;;,
   6080;16;1.000000,0.000000,0.000000,0.000000,-0.000000,1.000000,-0.000000,0.000000,-0.000000,0.000000,1.000000,0.000000,3.721360,0.000000,0.000001,1.000000;;,
   6240;16;1.000000,0.000000,0.000000,0.000000,-0.000000,1.000000,-0.000000,0.000000,-0.000000,0.000000,1.000000,0.000000,3.721360,0.000000,0.000001,1.000000;;,
   6400;16;1.000000,0.000000,0.000000,0.000000,0.000000,1.000000,0.000000,0.000000,-0.000000,0.000000,1.000000,0.000000,3.721360,-0.000000,0.000001,1.000000;;,
   6560;16;1.000000,0.000000,0.000000,0.000000,0.000000,1.000000,0.000000,0.000000,-0.000000,0.000000,1.000000,0.000000,3.721360,0.000000,0.000001,1.000000;;,
   6720;16;1.000000,0.000000,0.000000,0.000000,-0.000000,1.000000,-0.000000,0.000000,-0.000000,0.000000,1.000000,0.000000,3.721360,0.000000,0.000001,1.000000;;,
   6880;16;1.000000,-0.000000,0.000000,0.000000,-0.000000,1.000000,-0.000000,0.000000,-0.000000,0.000000,1.000000,0.000000,3.721360,-0.000000,0.000001,1.000000;;,
   7040;16;1.000000,0.000000,0.000000,0.000000,-0.000000,1.000000,0.000000,0.000000,-0.000000,0.000000,1.000000,0.000000,3.721360,0.000000,0.000001,1.000000;;,
   7200;16;1.000000,0.000000,0.000000,0.000000,-0.000000,1.000000,0.000000,0.000000,-0.000000,0.000000,1.000000,0.000000,3.721360,0.000000,0.000001,1.000000;;,
   7360;16;1.000000,0.000000,0.000000,0.000000,-0.000000,1.000000,-0.000000,0.000000,-0.000000,0.000000,1.000000,0.000000,3.721360,-0.000000,0.000001,1.000000;;,
   7520;16;1.000000,-0.000000,0.000000,0.000000,-0.000000,1.000000,-0.000000,0.000000,-0.000000,-0.000000,1.000000,0.000000,3.721360,0.000000,0.000001,1.000000;;,
   7680;16;1.000000,-0.000000,0.000000,0.000000,-0.000000,1.000000,-0.000000,0.000000,-0.000000,-0.000000,1.000000,0.000000,3.721360,0.000000,0.000001,1.000000;;,
   7840;16;1.000000,0.000000,0.000000,0.000000,0.000000,1.000000,-0.000000,0.000000,-0.000000,-0.000000,1.000000,0.000000,3.721360,0.000000,0.000001,1.000000;;,
   8000;16;1.000000,0.000000,0.000000,0.000000,-0.000000,1.000000,-0.000000,0.000000,-0.000000,0.000000,1.000000,0.000000,3.721360,0.000000,0.000001,1.000000;;,
   8160;16;1.000000,0.000000,0.000000,0.000000,0.000000,1.000000,-0.000000,0.000000,-0.000000,-0.000000,1.000000,0.000000,3.721360,0.000000,0.000001,1.000000;;,
   8320;16;1.000000,-0.000000,0.000000,0.000000,-0.000000,1.000000,-0.000000,0.000000,-0.000000,-0.000000,1.000000,0.000000,3.721360,0.000000,0.000001,1.000000;;,
   8480;16;1.000000,-0.000000,0.000000,0.000000,-0.000000,1.000000,-0.000000,0.000000,-0.000000,-0.000000,1.000000,0.000000,3.721360,0.000000,0.000001,1.000000;;,
   8640;16;1.000000,0.000000,0.000000,0.000000,-0.000000,1.000000,-0.000000,0.000000,-0.000000,0.000000,1.000000,0.000000,3.721360,-0.000000,0.000001,1.000000;;,
   8800;16;1.000000,0.000000,0.000000,0.000000,-0.000000,1.000000,0.000000,0.000000,-0.000000,0.000000,1.000000,0.000000,3.721360,0.000000,0.000001,1.000000;;,
   8960;16;1.000000,0.000000,0.000000,0.000000,-0.000000,1.000000,0.000000,0.000000,-0.000000,0.000000,1.000000,0.000000,3.721360,0.000000,0.000001,1.000000;;,
   9120;16;1.000000,-0.000000,0.000000,0.000000,-0.000000,1.000000,-0.000000,0.000000,-0.000000,0.000000,1.000000,0.000000,3.721360,-0.000000,0.000001,1.000000;;,
   9280;16;1.000000,0.000000,0.000000,0.000000,-0.000000,1.000000,-0.000000,0.000000,-0.000000,0.000000,1.000000,0.000000,3.721360,0.000000,0.000001,1.000000;;,
   9440;16;1.000000,0.000000,0.000000,0.000000,0.000000,1.000000,0.000000,0.000000,-0.000000,0.000000,1.000000,0.000000,3.721360,0.000000,0.000001,1.000000;;,
   9600;16;1.000000,0.000000,0.000000,0.000000,0.000000,1.000000,0.000000,0.000000,-0.000000,0.000000,1.000000,0.000000,3.721360,-0.000000,0.000001,1.000000;;,
   9760;16;1.000000,0.000000,0.000000,0.000000,-0.000000,1.000000,-0.000000,0.000000,-0.000000,0.000000,1.000000,0.000000,3.721360,0.000000,0.000001,1.000000;;,
   9920;16;1.000000,0.000000,0.000000,0.000000,-0.000000,1.000000,-0.000000,0.000000,-0.000000,0.000000,1.000000,0.000000,3.721360,0.000000,0.000001,1.000000;;,
   10080;16;1.000000,0.000000,0.000000,0.000000,-0.000000,1.000000,-0.000000,0.000000,-0.000000,0.000000,1.000000,0.000000,3.721360,-0.000000,0.000001,1.000000;;,
   10240;16;1.000000,0.000000,0.000000,0.000000,-0.000000,1.000000,-0.000000,0.000000,-0.000000,0.000000,1.000000,0.000000,3.721360,0.000000,0.000001,1.000000;;,
   10400;16;1.000000,0.000000,0.000000,0.000000,-0.000000,1.000000,0.000000,0.000000,-0.000000,0.000000,1.000000,0.000000,3.721360,0.000000,0.000001,1.000000;;,
   10560;16;1.000000,0.000000,0.000000,0.000000,-0.000000,1.000000,-0.000000,0.000000,-0.000000,-0.000000,1.000000,0.000000,3.721359,-0.000000,0.000001,1.000000;;,
   10720;16;1.000000,0.000000,0.000000,0.000000,-0.000000,1.000000,-0.000000,0.000000,-0.000000,-0.000000,1.000000,0.000000,3.721360,-0.000000,0.000001,1.000000;;,
   10880;16;1.000000,0.000000,0.000000,0.000000,0.000000,1.000000,0.000000,0.000000,-0.000000,0.000000,1.000000,0.000000,3.721360,0.000000,0.000001,1.000000;;,
   11040;16;1.000000,0.000000,0.000000,0.000000,0.000000,1.000000,-0.000000,0.000000,-0.000000,0.000000,1.000000,0.000000,3.721360,-0.000000,0.000001,1.000000;;,
   11200;16;1.000000,0.000000,0.000000,0.000000,-0.000000,1.000000,0.000000,0.000000,-0.000000,0.000000,1.000000,0.000000,3.721360,0.000000,0.000001,1.000000;;,
   11360;16;1.000000,0.000000,0.000000,0.000000,-0.000000,1.000000,-0.000000,0.000000,-0.000000,-0.000000,1.000000,0.000000,3.721360,0.000000,0.000001,1.000000;;,
   11520;16;1.000000,0.000000,0.000000,0.000000,-0.000000,1.000000,-0.000000,0.000000,-0.000000,0.000000,1.000000,0.000000,3.721360,0.000000,0.000001,1.000000;;,
   11680;16;1.000000,0.000000,0.000000,0.000000,0.000000,1.000000,-0.000000,0.000000,-0.000000,-0.000000,1.000000,0.000000,3.721360,0.000000,0.000001,1.000000;;,
   11840;16;1.000000,0.000000,0.000000,0.000000,-0.000000,1.000000,-0.000000,0.000000,-0.000000,-0.000000,1.000000,0.000000,3.721360,0.000000,0.000001,1.000000;;,
   12000;16;1.000000,0.000000,0.000000,0.000000,0.000000,1.000000,-0.000000,0.000000,-0.000000,0.000000,1.000000,0.000000,3.721360,0.000000,0.000001,1.000000;;,
   12160;16;1.000000,0.000000,0.000000,0.000000,-0.000000,1.000000,0.000000,0.000000,-0.000000,0.000000,1.000000,0.000000,3.721360,0.000000,0.000001,1.000000;;,
   12320;16;1.000000,0.000000,0.000000,0.000000,-0.000000,1.000000,-0.000000,0.000000,-0.000000,0.000000,1.000000,0.000000,3.721360,-0.000000,0.000001,1.000000;;,
   12480;16;1.000000,0.000000,0.000000,0.000000,0.000000,1.000000,-0.000000,0.000000,-0.000000,-0.000000,1.000000,0.000000,3.721360,0.000000,0.000001,1.000000;;,
